1	1
2	2
3	3
4	4
5	5
6	6
7	7
8	8
9	9
10	10
11	11
12	12
13	13
14	14
15	15
16	16
17	17
18	18
19	19
20	20
21	21
22	22
23	23
24	24
25	25
26	26
27	27
28	28
29	29
30	30
31	31
32	32
33	33
34	34
35	35
36	36
37	37
38	38
39	39
40	40
41	41
42	42
43	43
44	44
45	45
46	46
47	47
48	48
49	49
50	50
51	51
52	52
53	53
54	54
55	55
56	56
57	57
58	58
59	59
60	60
61	61
62	62
63	63
64	64
65	65
66	66
67	67
68	68
69	69
70	70
71	71
72	72
73	73
74	74
75	75
76	76
77	77
78	78
79	79
80	80
81	81
82	82
83	83
84	84
85	85
86	86
87	87
88	88
89	89
90	90
91	91
92	92
93	93
94	94
95	95
96	96
97	97
98	98
99	99
100	100
101	101
102	102
103	103
104	104
105	105
106	106
107	107
108	108
109	109
110	110
111	111
112	112
113	113
114	114
115	115
116	116
117	117
118	118
119	119
120	120
1	121
2	121
20	121
52	121
102	121
1	122
2	122
3	122
20	122
21	122
52	122
53	122
102	122
103	122
1	123
2	123
3	123
4	123
20	123
21	123
22	123
52	123
53	123
54	123
102	123
103	123
104	123
1	124
2	124
3	124
4	124
5	124
20	124
21	124
22	124
23	124
52	124
53	124
54	124
55	124
102	124
103	124
104	124
105	124
1	125
2	125
3	125
4	125
5	125
6	125
20	125
21	125
22	125
23	125
24	125
52	125
53	125
54	125
55	125
56	125
102	125
103	125
104	125
105	125
106	125
1	126
2	126
3	126
4	126
6	126
20	126
21	126
22	126
23	126
24	126
25	126
52	126
53	126
54	126
55	126
56	126
57	126
101	126
102	126
103	126
104	126
105	126
106	126
1	127
2	127
3	127
4	127
6	127
7	127
20	127
21	127
22	127
23	127
24	127
25	127
26	127
52	127
53	127
54	127
55	127
56	127
57	127
58	127
101	127
102	127
103	127
104	127
105	127
106	127
107	127
1	128
2	128
3	128
4	128
6	128
7	128
8	128
20	128
21	128
22	128
23	128
24	128
25	128
26	128
27	128
52	128
53	128
54	128
55	128
56	128
57	128
58	128
59	128
101	128
102	128
103	128
104	128
105	128
106	128
107	128
108	128
1	129
2	129
3	129
4	129
6	129
7	129
8	129
9	129
20	129
21	129
22	129
23	129
25	129
26	129
27	129
52	129
53	129
54	129
55	129
56	129
57	129
58	129
59	129
60	129
101	129
102	129
103	129
104	129
105	129
106	129
107	129
108	129
109	129
1	130
2	130
3	130
6	130
7	130
8	130
9	130
20	130
21	130
22	130
23	130
25	130
26	130
27	130
28	130
52	130
53	130
54	130
55	130
56	130
57	130
58	130
59	130
60	130
61	130
101	130
102	130
103	130
104	130
105	130
106	130
107	130
108	130
109	130
110	130
1	131
2	131
3	131
6	131
7	131
8	131
20	131
21	131
22	131
23	131
25	131
26	131
27	131
28	131
29	131
52	131
53	131
54	131
55	131
56	131
58	131
59	131
60	131
61	131
101	131
102	131
103	131
104	131
105	131
106	131
107	131
108	131
109	131
110	131
111	131
1	132
2	132
3	132
6	132
7	132
8	132
10	132
20	132
21	132
22	132
23	132
25	132
27	132
28	132
29	132
52	132
53	132
54	132
55	132
56	132
58	132
59	132
60	132
61	132
62	132
101	132
102	132
103	132
104	132
105	132
106	132
107	132
108	132
109	132
110	132
111	132
112	132
1	133
2	133
3	133
4	133
6	133
7	133
8	133
10	133
20	133
21	133
22	133
23	133
25	133
27	133
28	133
29	133
30	133
52	133
53	133
54	133
55	133
56	133
58	133
59	133
60	133
61	133
62	133
63	133
101	133
102	133
103	133
104	133
105	133
106	133
107	133
108	133
109	133
110	133
111	133
112	133
113	133
1	134
2	134
3	134
4	134
6	134
7	134
8	134
10	134
11	134
20	134
21	134
22	134
23	134
25	134
27	134
28	134
29	134
30	134
31	134
52	134
53	134
54	134
55	134
56	134
58	134
59	134
60	134
61	134
62	134
63	134
64	134
101	134
102	134
103	134
104	134
105	134
106	134
107	134
108	134
109	134
110	134
111	134
112	134
113	134
114	134
1	135
2	135
3	135
4	135
6	135
7	135
8	135
10	135
11	135
12	135
20	135
21	135
22	135
23	135
24	135
25	135
27	135
28	135
29	135
30	135
31	135
52	135
53	135
54	135
55	135
56	135
58	135
59	135
60	135
61	135
62	135
63	135
64	135
65	135
101	135
102	135
103	135
104	135
105	135
106	135
107	135
108	135
109	135
110	135
111	135
112	135
113	135
114	135
115	135
1	136
2	136
3	136
4	136
6	136
7	136
8	136
10	136
11	136
12	136
13	136
20	136
21	136
22	136
23	136
24	136
25	136
27	136
28	136
29	136
31	136
52	136
53	136
54	136
55	136
56	136
58	136
59	136
60	136
61	136
62	136
63	136
64	136
65	136
66	136
101	136
102	136
103	136
104	136
105	136
106	136
107	136
108	136
109	136
110	136
111	136
112	136
113	136
114	136
115	136
116	136
1	137
2	137
3	137
4	137
6	137
7	137
10	137
11	137
12	137
13	137
20	137
21	137
22	137
23	137
24	137
25	137
27	137
28	137
29	137
31	137
32	137
52	137
53	137
54	137
55	137
56	137
58	137
59	137
60	137
61	137
62	137
63	137
64	137
65	137
66	137
67	137
101	137
102	137
103	137
104	137
105	137
106	137
107	137
108	137
109	137
110	137
111	137
112	137
113	137
114	137
115	137
116	137
117	137
1	138
2	138
3	138
4	138
6	138
10	138
11	138
12	138
13	138
20	138
21	138
23	138
24	138
25	138
27	138
28	138
29	138
31	138
32	138
52	138
53	138
54	138
55	138
56	138
58	138
59	138
60	138
61	138
62	138
63	138
64	138
65	138
66	138
67	138
68	138
101	138
102	138
103	138
104	138
105	138
106	138
107	138
108	138
109	138
110	138
111	138
112	138
113	138
114	138
115	138
116	138
117	138
118	138
1	139
2	139
3	139
4	139
6	139
10	139
11	139
12	139
13	139
14	139
20	139
21	139
23	139
24	139
25	139
27	139
28	139
29	139
31	139
32	139
33	139
52	139
53	139
54	139
55	139
56	139
58	139
59	139
60	139
61	139
62	139
63	139
64	139
65	139
66	139
67	139
68	139
69	139
101	139
102	139
103	139
104	139
105	139
106	139
107	139
108	139
109	139
110	139
111	139
112	139
113	139
114	139
115	139
116	139
117	139
118	139
119	139
1	140
2	140
3	140
4	140
6	140
10	140
11	140
12	140
13	140
14	140
15	140
20	140
21	140
24	140
25	140
27	140
28	140
29	140
31	140
32	140
33	140
52	140
53	140
54	140
55	140
56	140
58	140
59	140
60	140
61	140
62	140
63	140
64	140
65	140
66	140
67	140
68	140
69	140
70	140
101	140
102	140
103	140
104	140
105	140
106	140
107	140
109	140
110	140
111	140
112	140
113	140
114	140
115	140
116	140
117	140
118	140
119	140
1	141
2	141
3	141
4	141
5	141
6	141
10	141
11	141
12	141
13	141
14	141
15	141
20	141
21	141
24	141
25	141
27	141
28	141
29	141
31	141
32	141
33	141
34	141
52	141
53	141
54	141
55	141
56	141
58	141
59	141
60	141
61	141
62	141
63	141
64	141
65	141
66	141
67	141
68	141
69	141
70	141
71	141
101	141
102	141
103	141
104	141
105	141
106	141
107	141
109	141
110	141
111	141
112	141
113	141
114	141
115	141
116	141
117	141
118	141
119	141
120	141
2	142
3	142
4	142
5	142
6	142
10	142
11	142
12	142
13	142
14	142
15	142
20	142
21	142
24	142
25	142
27	142
28	142
29	142
32	142
33	142
34	142
52	142
53	142
54	142
55	142
56	142
58	142
59	142
60	142
61	142
62	142
63	142
64	142
65	142
66	142
67	142
68	142
69	142
70	142
71	142
72	142
101	142
102	142
103	142
104	142
105	142
106	142
107	142
109	142
110	142
111	142
112	142
113	142
114	142
115	142
116	142
117	142
118	142
119	142
120	142
2	143
3	143
4	143
5	143
6	143
9	143
10	143
11	143
12	143
13	143
14	143
15	143
20	143
21	143
24	143
25	143
27	143
28	143
29	143
33	143
34	143
52	143
53	143
54	143
55	143
58	143
59	143
60	143
61	143
62	143
63	143
64	143
65	143
66	143
67	143
68	143
69	143
70	143
71	143
72	143
101	143
102	143
103	143
104	143
105	143
106	143
107	143
109	143
110	143
111	143
112	143
113	143
114	143
115	143
116	143
117	143
118	143
119	143
120	143
1	144
2	144
3	144
4	144
5	144
6	144
9	144
10	144
11	144
12	144
13	144
14	144
15	144
20	144
21	144
24	144
25	144
27	144
28	144
29	144
33	144
34	144
35	144
52	144
53	144
54	144
55	144
58	144
59	144
60	144
61	144
62	144
63	144
64	144
65	144
66	144
67	144
68	144
69	144
70	144
71	144
72	144
73	144
101	144
102	144
103	144
104	144
105	144
106	144
107	144
109	144
110	144
111	144
112	144
113	144
114	144
115	144
116	144
117	144
118	144
119	144
120	144
1	145
2	145
3	145
4	145
5	145
6	145
9	145
10	145
11	145
12	145
14	145
15	145
20	145
21	145
24	145
25	145
27	145
28	145
29	145
33	145
34	145
35	145
36	145
52	145
53	145
54	145
55	145
58	145
59	145
60	145
61	145
62	145
63	145
64	145
65	145
66	145
67	145
68	145
69	145
70	145
71	145
72	145
73	145
74	145
101	145
102	145
104	145
105	145
106	145
107	145
109	145
110	145
111	145
112	145
113	145
114	145
115	145
116	145
117	145
118	145
119	145
120	145
1	146
2	146
3	146
4	146
5	146
6	146
10	146
11	146
12	146
14	146
15	146
20	146
21	146
24	146
25	146
28	146
29	146
33	146
34	146
35	146
36	146
52	146
53	146
54	146
55	146
58	146
59	146
60	146
61	146
62	146
63	146
64	146
65	146
66	146
67	146
68	146
69	146
70	146
71	146
72	146
74	146
101	146
102	146
104	146
105	146
106	146
107	146
109	146
110	146
111	146
112	146
113	146
114	146
115	146
116	146
117	146
118	146
119	146
120	146
1	147
2	147
3	147
4	147
5	147
6	147
10	147
11	147
14	147
15	147
20	147
21	147
24	147
25	147
28	147
29	147
32	147
33	147
34	147
35	147
36	147
52	147
53	147
54	147
55	147
58	147
59	147
60	147
61	147
62	147
63	147
64	147
65	147
66	147
67	147
68	147
69	147
70	147
71	147
72	147
74	147
75	147
101	147
102	147
104	147
105	147
106	147
107	147
109	147
110	147
111	147
112	147
113	147
114	147
115	147
116	147
117	147
118	147
119	147
120	147
1	148
2	148
3	148
4	148
5	148
6	148
10	148
11	148
14	148
15	148
16	148
20	148
21	148
22	148
24	148
25	148
28	148
29	148
32	148
33	148
34	148
35	148
36	148
52	148
53	148
54	148
55	148
58	148
59	148
60	148
61	148
62	148
63	148
64	148
65	148
66	148
67	148
68	148
69	148
70	148
71	148
72	148
74	148
75	148
76	148
102	148
104	148
105	148
106	148
107	148
109	148
110	148
111	148
112	148
113	148
114	148
115	148
116	148
117	148
118	148
119	148
120	148
1	149
2	149
3	149
4	149
5	149
10	149
11	149
14	149
15	149
16	149
20	149
22	149
24	149
25	149
28	149
29	149
32	149
33	149
34	149
35	149
36	149
52	149
53	149
54	149
58	149
59	149
60	149
61	149
62	149
63	149
64	149
65	149
66	149
67	149
68	149
69	149
70	149
71	149
72	149
74	149
75	149
76	149
102	149
104	149
105	149
106	149
107	149
109	149
110	149
111	149
112	149
113	149
114	149
115	149
116	149
117	149
118	149
119	149
120	149
1	150
3	150
4	150
5	150
10	150
11	150
14	150
15	150
16	150
20	150
22	150
24	150
25	150
28	150
29	150
32	150
33	150
34	150
35	150
36	150
37	150
52	150
53	150
54	150
58	150
59	150
60	150
61	150
62	150
63	150
64	150
65	150
66	150
67	150
68	150
69	150
70	150
71	150
72	150
74	150
75	150
76	150
77	150
102	150
104	150
105	150
106	150
107	150
109	150
110	150
111	150
112	150
114	150
115	150
116	150
117	150
118	150
119	150
120	150
1	151
3	151
4	151
5	151
6	151
10	151
11	151
14	151
15	151
16	151
22	151
24	151
25	151
28	151
29	151
32	151
33	151
34	151
35	151
36	151
37	151
52	151
53	151
54	151
57	151
58	151
59	151
60	151
61	151
62	151
63	151
64	151
65	151
66	151
67	151
68	151
69	151
70	151
71	151
72	151
74	151
75	151
76	151
77	151
102	151
104	151
105	151
106	151
107	151
109	151
110	151
111	151
112	151
114	151
115	151
116	151
117	151
118	151
119	151
120	151
1	152
3	152
4	152
5	152
6	152
8	152
10	152
11	152
14	152
15	152
16	152
22	152
24	152
25	152
28	152
32	152
33	152
34	152
35	152
36	152
37	152
52	152
53	152
54	152
57	152
58	152
59	152
60	152
61	152
62	152
63	152
64	152
66	152
67	152
68	152
69	152
70	152
71	152
72	152
74	152
75	152
76	152
77	152
102	152
104	152
105	152
106	152
107	152
109	152
110	152
111	152
112	152
114	152
115	152
116	152
117	152
118	152
119	152
120	152
1	153
3	153
4	153
5	153
6	153
8	153
10	153
11	153
14	153
15	153
22	153
24	153
25	153
28	153
32	153
33	153
34	153
35	153
36	153
37	153
38	153
52	153
53	153
54	153
57	153
58	153
59	153
60	153
62	153
63	153
64	153
66	153
67	153
68	153
69	153
70	153
71	153
72	153
74	153
75	153
76	153
77	153
102	153
105	153
106	153
107	153
109	153
110	153
111	153
112	153
114	153
115	153
116	153
117	153
118	153
119	153
120	153
1	154
3	154
4	154
5	154
6	154
8	154
10	154
11	154
15	154
22	154
24	154
25	154
28	154
30	154
32	154
33	154
34	154
35	154
36	154
37	154
38	154
52	154
53	154
54	154
57	154
58	154
59	154
60	154
62	154
63	154
64	154
66	154
67	154
68	154
69	154
70	154
71	154
72	154
74	154
75	154
76	154
77	154
78	154
102	154
105	154
106	154
107	154
109	154
110	154
111	154
112	154
114	154
115	154
116	154
117	154
118	154
119	154
120	154
1	155
3	155
4	155
5	155
6	155
8	155
10	155
11	155
12	155
15	155
21	155
22	155
24	155
25	155
28	155
30	155
32	155
33	155
34	155
35	155
36	155
37	155
38	155
52	155
53	155
54	155
57	155
58	155
59	155
60	155
62	155
63	155
64	155
66	155
67	155
68	155
69	155
70	155
71	155
72	155
74	155
75	155
76	155
77	155
78	155
79	155
102	155
105	155
106	155
109	155
110	155
111	155
112	155
114	155
115	155
116	155
117	155
118	155
119	155
120	155
1	156
3	156
4	156
5	156
6	156
8	156
10	156
12	156
15	156
21	156
22	156
24	156
25	156
30	156
32	156
33	156
34	156
35	156
36	156
37	156
38	156
52	156
53	156
54	156
57	156
58	156
60	156
62	156
63	156
64	156
66	156
67	156
68	156
69	156
70	156
71	156
72	156
74	156
75	156
76	156
77	156
78	156
79	156
102	156
105	156
106	156
109	156
110	156
111	156
112	156
114	156
115	156
116	156
117	156
118	156
119	156
120	156
1	157
2	157
3	157
4	157
5	157
6	157
8	157
10	157
12	157
15	157
21	157
22	157
24	157
25	157
30	157
32	157
34	157
35	157
36	157
37	157
38	157
52	157
53	157
54	157
57	157
58	157
60	157
62	157
63	157
64	157
66	157
67	157
68	157
69	157
70	157
72	157
74	157
75	157
76	157
77	157
78	157
79	157
102	157
105	157
106	157
109	157
110	157
111	157
112	157
114	157
115	157
116	157
117	157
118	157
119	157
120	157
1	158
2	158
3	158
4	158
5	158
6	158
8	158
10	158
12	158
21	158
22	158
24	158
30	158
32	158
34	158
35	158
36	158
37	158
38	158
52	158
53	158
54	158
57	158
58	158
60	158
62	158
63	158
64	158
66	158
67	158
68	158
69	158
70	158
72	158
74	158
75	158
76	158
77	158
78	158
79	158
80	158
102	158
105	158
106	158
109	158
110	158
111	158
112	158
114	158
115	158
116	158
117	158
118	158
119	158
120	158
1	159
3	159
4	159
5	159
6	159
8	159
10	159
12	159
21	159
22	159
24	159
30	159
32	159
34	159
35	159
36	159
37	159
38	159
39	159
52	159
53	159
54	159
57	159
58	159
60	159
62	159
63	159
64	159
66	159
67	159
68	159
69	159
70	159
72	159
74	159
75	159
76	159
77	159
78	159
79	159
80	159
81	159
102	159
105	159
106	159
109	159
110	159
111	159
112	159
114	159
115	159
116	159
117	159
118	159
119	159
120	159
3	160
4	160
5	160
6	160
8	160
10	160
12	160
21	160
22	160
24	160
25	160
30	160
32	160
34	160
35	160
36	160
37	160
38	160
39	160
52	160
53	160
54	160
57	160
58	160
60	160
62	160
64	160
66	160
67	160
68	160
69	160
70	160
72	160
74	160
75	160
76	160
77	160
78	160
79	160
80	160
81	160
102	160
105	160
106	160
109	160
110	160
111	160
112	160
114	160
115	160
116	160
117	160
118	160
119	160
120	160
3	161
4	161
5	161
6	161
7	161
8	161
10	161
12	161
21	161
22	161
24	161
25	161
29	161
30	161
32	161
34	161
35	161
36	161
37	161
38	161
39	161
52	161
53	161
54	161
57	161
58	161
60	161
62	161
64	161
66	161
67	161
68	161
69	161
70	161
72	161
74	161
75	161
76	161
77	161
78	161
80	161
81	161
102	161
105	161
106	161
109	161
110	161
111	161
112	161
114	161
115	161
116	161
117	161
118	161
119	161
120	161
4	162
5	162
6	162
7	162
8	162
10	162
12	162
21	162
22	162
23	162
24	162
25	162
29	162
30	162
32	162
34	162
35	162
36	162
37	162
38	162
39	162
52	162
53	162
54	162
57	162
58	162
60	162
62	162
64	162
66	162
67	162
68	162
69	162
70	162
72	162
74	162
75	162
76	162
77	162
78	162
80	162
81	162
82	162
102	162
105	162
106	162
109	162
110	162
111	162
114	162
115	162
116	162
117	162
118	162
119	162
120	162
4	163
5	163
6	163
7	163
8	163
12	163
21	163
22	163
23	163
25	163
29	163
30	163
32	163
34	163
35	163
36	163
37	163
38	163
39	163
52	163
53	163
54	163
57	163
58	163
60	163
62	163
64	163
66	163
67	163
68	163
69	163
70	163
72	163
74	163
75	163
77	163
78	163
80	163
81	163
82	163
102	163
105	163
106	163
109	163
110	163
111	163
114	163
115	163
116	163
117	163
118	163
119	163
120	163
4	164
5	164
6	164
7	164
8	164
12	164
14	164
21	164
22	164
23	164
25	164
29	164
30	164
32	164
34	164
35	164
36	164
37	164
38	164
39	164
40	164
52	164
53	164
54	164
57	164
58	164
60	164
62	164
64	164
66	164
67	164
68	164
69	164
70	164
72	164
74	164
75	164
77	164
78	164
80	164
81	164
82	164
83	164
102	164
105	164
106	164
109	164
110	164
111	164
114	164
115	164
116	164
117	164
118	164
119	164
120	164
4	165
5	165
6	165
7	165
8	165
12	165
14	165
17	165
21	165
22	165
23	165
25	165
26	165
29	165
30	165
32	165
34	165
35	165
36	165
37	165
38	165
39	165
40	165
52	165
53	165
54	165
57	165
58	165
60	165
62	165
64	165
66	165
67	165
68	165
69	165
70	165
72	165
74	165
75	165
77	165
78	165
79	165
80	165
81	165
82	165
83	165
102	165
105	165
106	165
109	165
110	165
111	165
114	165
115	165
116	165
117	165
118	165
119	165
120	165
5	166
6	166
7	166
8	166
12	166
14	166
17	166
22	166
23	166
25	166
26	166
29	166
30	166
32	166
34	166
35	166
36	166
37	166
38	166
39	166
40	166
52	166
53	166
54	166
57	166
58	166
60	166
62	166
64	166
66	166
67	166
68	166
69	166
70	166
72	166
75	166
77	166
78	166
79	166
80	166
81	166
82	166
83	166
102	166
105	166
109	166
110	166
111	166
114	166
115	166
116	166
117	166
118	166
119	166
120	166
5	167
6	167
8	167
12	167
14	167
17	167
22	167
23	167
25	167
26	167
29	167
30	167
32	167
34	167
35	167
36	167
37	167
38	167
39	167
40	167
41	167
52	167
53	167
54	167
57	167
58	167
60	167
62	167
64	167
67	167
68	167
69	167
70	167
72	167
75	167
77	167
78	167
79	167
80	167
81	167
82	167
83	167
102	167
105	167
109	167
110	167
111	167
113	167
114	167
115	167
116	167
117	167
118	167
119	167
120	167
5	168
6	168
8	168
14	168
17	168
22	168
25	168
26	168
29	168
30	168
32	168
34	168
35	168
36	168
37	168
38	168
39	168
40	168
41	168
52	168
53	168
54	168
57	168
58	168
60	168
62	168
64	168
67	168
68	168
69	168
70	168
72	168
75	168
77	168
78	168
79	168
80	168
81	168
82	168
83	168
84	168
102	168
105	168
109	168
110	168
111	168
113	168
114	168
115	168
116	168
117	168
118	168
119	168
120	168
5	169
6	169
8	169
17	169
22	169
25	169
26	169
29	169
30	169
32	169
34	169
35	169
36	169
37	169
38	169
39	169
40	169
41	169
42	169
52	169
53	169
54	169
57	169
58	169
60	169
62	169
64	169
67	169
68	169
69	169
70	169
72	169
75	169
77	169
78	169
79	169
80	169
81	169
82	169
83	169
84	169
85	169
102	169
105	169
109	169
110	169
111	169
113	169
114	169
115	169
116	169
117	169
118	169
119	169
120	169
5	170
6	170
8	170
16	170
17	170
22	170
25	170
26	170
29	170
30	170
32	170
34	170
36	170
37	170
38	170
39	170
40	170
41	170
42	170
52	170
53	170
54	170
57	170
58	170
60	170
62	170
64	170
67	170
68	170
69	170
70	170
72	170
77	170
78	170
79	170
80	170
81	170
82	170
83	170
84	170
85	170
102	170
105	170
107	170
109	170
110	170
111	170
113	170
114	170
115	170
116	170
117	170
118	170
119	170
120	170
5	171
6	171
8	171
10	171
16	171
17	171
22	171
23	171
25	171
26	171
29	171
30	171
32	171
34	171
36	171
37	171
38	171
39	171
40	171
41	171
42	171
52	171
53	171
54	171
57	171
58	171
60	171
62	171
64	171
67	171
68	171
69	171
70	171
72	171
77	171
78	171
79	171
80	171
81	171
82	171
83	171
84	171
85	171
86	171
102	171
105	171
107	171
109	171
110	171
111	171
113	171
114	171
115	171
116	171
117	171
118	171
119	171
120	171
5	172
8	172
10	172
16	172
17	172
22	172
23	172
25	172
26	172
29	172
30	172
32	172
34	172
36	172
37	172
38	172
40	172
41	172
42	172
52	172
53	172
54	172
57	172
58	172
60	172
62	172
64	172
67	172
69	172
70	172
72	172
77	172
78	172
79	172
80	172
81	172
82	172
83	172
84	172
85	172
86	172
102	172
105	172
107	172
109	172
110	172
111	172
113	172
114	172
115	172
116	172
117	172
118	172
119	172
120	172
5	173
8	173
16	173
17	173
20	173
22	173
23	173
25	173
26	173
29	173
30	173
32	173
34	173
36	173
37	173
38	173
40	173
41	173
42	173
52	173
53	173
54	173
57	173
58	173
60	173
62	173
64	173
67	173
69	173
70	173
72	173
77	173
78	173
79	173
80	173
81	173
82	173
83	173
84	173
85	173
86	173
87	173
102	173
105	173
107	173
109	173
110	173
111	173
113	173
114	173
115	173
116	173
117	173
118	173
119	173
120	173
2	174
5	174
8	174
16	174
17	174
20	174
22	174
23	174
25	174
26	174
29	174
30	174
32	174
34	174
36	174
37	174
38	174
40	174
41	174
42	174
43	174
52	174
53	174
54	174
57	174
58	174
60	174
62	174
64	174
67	174
69	174
70	174
72	174
77	174
78	174
79	174
80	174
81	174
82	174
83	174
84	174
85	174
86	174
87	174
88	174
102	174
103	174
105	174
107	174
109	174
110	174
111	174
113	174
114	174
115	174
116	174
117	174
118	174
119	174
120	174
2	175
5	175
8	175
12	175
16	175
17	175
20	175
22	175
23	175
25	175
26	175
29	175
30	175
32	175
34	175
36	175
37	175
38	175
39	175
40	175
41	175
42	175
43	175
52	175
53	175
54	175
57	175
58	175
60	175
62	175
64	175
69	175
70	175
72	175
77	175
78	175
79	175
80	175
81	175
82	175
83	175
84	175
85	175
86	175
87	175
88	175
102	175
103	175
105	175
107	175
109	175
110	175
111	175
113	175
114	175
115	175
116	175
117	175
119	175
120	175
2	176
5	176
6	176
8	176
12	176
16	176
17	176
20	176
22	176
23	176
25	176
26	176
28	176
29	176
30	176
32	176
34	176
36	176
37	176
38	176
39	176
40	176
41	176
42	176
43	176
52	176
53	176
54	176
57	176
58	176
60	176
62	176
64	176
69	176
70	176
77	176
78	176
79	176
80	176
81	176
82	176
83	176
84	176
85	176
86	176
87	176
88	176
102	176
103	176
105	176
107	176
109	176
110	176
111	176
113	176
114	176
115	176
116	176
117	176
119	176
120	176
2	177
3	177
5	177
6	177
8	177
12	177
16	177
17	177
20	177
22	177
23	177
25	177
26	177
27	177
28	177
29	177
30	177
32	177
34	177
36	177
37	177
38	177
39	177
40	177
41	177
42	177
43	177
52	177
53	177
54	177
57	177
58	177
60	177
62	177
64	177
69	177
70	177
77	177
78	177
79	177
80	177
81	177
82	177
84	177
85	177
86	177
87	177
88	177
102	177
103	177
105	177
107	177
109	177
110	177
111	177
113	177
114	177
115	177
116	177
117	177
119	177
2	178
3	178
5	178
6	178
8	178
12	178
16	178
17	178
18	178
20	178
22	178
23	178
25	178
26	178
27	178
28	178
29	178
30	178
32	178
34	178
36	178
37	178
38	178
39	178
40	178
41	178
43	178
52	178
53	178
54	178
57	178
58	178
60	178
62	178
64	178
69	178
70	178
77	178
78	178
79	178
80	178
81	178
82	178
84	178
85	178
86	178
87	178
88	178
89	178
102	178
103	178
105	178
107	178
109	178
110	178
111	178
113	178
114	178
115	178
116	178
117	178
119	178
2	179
3	179
5	179
6	179
8	179
16	179
17	179
18	179
20	179
22	179
23	179
25	179
26	179
27	179
28	179
29	179
30	179
32	179
34	179
36	179
37	179
38	179
39	179
40	179
41	179
43	179
44	179
52	179
53	179
54	179
57	179
58	179
60	179
62	179
64	179
69	179
70	179
77	179
78	179
79	179
80	179
81	179
82	179
84	179
86	179
87	179
88	179
89	179
102	179
103	179
105	179
107	179
109	179
110	179
111	179
113	179
114	179
115	179
116	179
117	179
119	179
2	180
3	180
4	180
5	180
6	180
8	180
16	180
17	180
18	180
20	180
22	180
23	180
25	180
27	180
28	180
29	180
30	180
32	180
34	180
36	180
37	180
38	180
39	180
40	180
41	180
43	180
44	180
52	180
53	180
54	180
57	180
58	180
62	180
64	180
69	180
70	180
77	180
78	180
79	180
80	180
81	180
82	180
84	180
86	180
87	180
88	180
89	180
102	180
103	180
105	180
107	180
109	180
110	180
111	180
113	180
114	180
115	180
116	180
117	180
119	180
2	181
3	181
4	181
5	181
6	181
8	181
16	181
17	181
18	181
19	181
20	181
22	181
23	181
25	181
27	181
28	181
29	181
30	181
32	181
34	181
36	181
37	181
38	181
39	181
41	181
43	181
44	181
52	181
53	181
54	181
57	181
58	181
62	181
64	181
69	181
70	181
77	181
78	181
79	181
80	181
81	181
82	181
84	181
86	181
87	181
88	181
89	181
90	181
102	181
103	181
105	181
107	181
109	181
110	181
111	181
113	181
114	181
115	181
116	181
117	181
119	181
2	182
3	182
4	182
5	182
6	182
8	182
14	182
16	182
17	182
18	182
19	182
20	182
23	182
25	182
27	182
28	182
29	182
30	182
32	182
34	182
36	182
37	182
38	182
39	182
41	182
43	182
44	182
52	182
53	182
54	182
57	182
58	182
62	182
63	182
64	182
69	182
70	182
77	182
78	182
79	182
80	182
81	182
82	182
84	182
86	182
87	182
88	182
89	182
90	182
102	182
103	182
105	182
107	182
109	182
110	182
111	182
113	182
114	182
115	182
116	182
117	182
119	182
2	183
3	183
4	183
5	183
6	183
8	183
14	183
16	183
17	183
19	183
20	183
23	183
25	183
27	183
28	183
29	183
30	183
32	183
34	183
36	183
37	183
38	183
39	183
41	183
43	183
44	183
45	183
53	183
54	183
57	183
58	183
62	183
63	183
64	183
69	183
70	183
77	183
78	183
79	183
80	183
81	183
82	183
84	183
86	183
87	183
88	183
89	183
90	183
102	183
103	183
105	183
107	183
109	183
110	183
111	183
113	183
114	183
115	183
116	183
117	183
119	183
120	183
2	184
3	184
4	184
5	184
6	184
8	184
11	184
14	184
16	184
17	184
19	184
20	184
23	184
25	184
26	184
27	184
28	184
29	184
30	184
32	184
34	184
36	184
37	184
38	184
39	184
41	184
43	184
44	184
45	184
51	184
53	184
54	184
57	184
58	184
62	184
63	184
64	184
69	184
70	184
77	184
78	184
79	184
80	184
81	184
82	184
84	184
86	184
87	184
88	184
89	184
90	184
102	184
103	184
105	184
107	184
109	184
110	184
111	184
113	184
114	184
115	184
117	184
119	184
120	184
2	185
3	185
4	185
5	185
6	185
8	185
11	185
14	185
15	185
16	185
17	185
19	185
20	185
22	185
23	185
25	185
26	185
27	185
28	185
29	185
30	185
32	185
34	185
36	185
37	185
38	185
39	185
41	185
43	185
44	185
45	185
51	185
53	185
54	185
57	185
58	185
62	185
63	185
64	185
69	185
70	185
77	185
78	185
79	185
80	185
81	185
82	185
84	185
86	185
87	185
88	185
89	185
90	185
91	185
102	185
103	185
105	185
107	185
109	185
110	185
111	185
113	185
114	185
115	185
117	185
119	185
120	185
2	186
3	186
4	186
5	186
6	186
8	186
11	186
14	186
15	186
17	186
19	186
20	186
21	186
22	186
23	186
25	186
26	186
27	186
28	186
29	186
30	186
32	186
34	186
36	186
37	186
38	186
39	186
41	186
43	186
44	186
45	186
51	186
53	186
54	186
57	186
58	186
62	186
63	186
64	186
69	186
70	186
77	186
78	186
79	186
80	186
81	186
82	186
84	186
86	186
87	186
88	186
89	186
90	186
91	186
92	186
102	186
103	186
105	186
107	186
109	186
110	186
111	186
113	186
114	186
115	186
117	186
119	186
120	186
2	187
3	187
4	187
5	187
6	187
8	187
11	187
13	187
14	187
15	187
17	187
19	187
20	187
21	187
22	187
23	187
25	187
26	187
27	187
28	187
29	187
30	187
32	187
34	187
36	187
37	187
38	187
39	187
41	187
43	187
44	187
51	187
53	187
54	187
57	187
58	187
62	187
63	187
64	187
69	187
70	187
77	187
78	187
79	187
80	187
81	187
82	187
84	187
87	187
88	187
89	187
90	187
91	187
92	187
102	187
103	187
105	187
107	187
109	187
110	187
111	187
113	187
114	187
115	187
117	187
119	187
120	187
2	188
3	188
4	188
5	188
6	188
8	188
10	188
11	188
13	188
14	188
15	188
17	188
19	188
20	188
21	188
23	188
25	188
26	188
27	188
28	188
29	188
30	188
32	188
34	188
36	188
37	188
38	188
39	188
41	188
43	188
44	188
51	188
53	188
54	188
57	188
58	188
62	188
63	188
64	188
69	188
70	188
77	188
78	188
79	188
80	188
81	188
82	188
84	188
87	188
88	188
89	188
90	188
91	188
92	188
93	188
102	188
103	188
105	188
107	188
109	188
110	188
111	188
113	188
114	188
115	188
117	188
119	188
120	188
2	189
3	189
4	189
5	189
6	189
8	189
10	189
11	189
12	189
13	189
14	189
15	189
17	189
19	189
20	189
21	189
23	189
25	189
26	189
27	189
28	189
29	189
30	189
32	189
34	189
36	189
37	189
38	189
39	189
41	189
43	189
44	189
46	189
51	189
53	189
54	189
57	189
58	189
62	189
63	189
64	189
66	189
69	189
70	189
77	189
78	189
79	189
80	189
81	189
82	189
84	189
87	189
88	189
89	189
90	189
91	189
92	189
93	189
102	189
103	189
105	189
107	189
109	189
110	189
111	189
113	189
114	189
115	189
117	189
119	189
120	189
2	190
3	190
4	190
5	190
6	190
10	190
11	190
12	190
13	190
14	190
15	190
17	190
19	190
20	190
21	190
25	190
26	190
27	190
28	190
29	190
30	190
32	190
34	190
36	190
37	190
38	190
39	190
41	190
43	190
44	190
46	190
51	190
53	190
54	190
57	190
58	190
62	190
63	190
64	190
66	190
69	190
70	190
77	190
78	190
79	190
80	190
81	190
82	190
84	190
87	190
88	190
89	190
90	190
91	190
93	190
102	190
103	190
105	190
107	190
109	190
110	190
111	190
113	190
114	190
115	190
117	190
119	190
120	190
2	191
3	191
4	191
5	191
6	191
7	191
10	191
11	191
12	191
13	191
14	191
15	191
17	191
19	191
20	191
25	191
26	191
27	191
28	191
29	191
30	191
32	191
34	191
36	191
37	191
38	191
39	191
41	191
43	191
44	191
46	191
51	191
53	191
54	191
57	191
58	191
62	191
63	191
64	191
66	191
69	191
70	191
77	191
78	191
79	191
80	191
81	191
82	191
84	191
87	191
88	191
89	191
90	191
91	191
93	191
94	191
102	191
103	191
105	191
107	191
110	191
111	191
113	191
114	191
115	191
117	191
119	191
120	191
2	192
3	192
4	192
6	192
7	192
10	192
11	192
12	192
13	192
14	192
15	192
17	192
19	192
20	192
25	192
26	192
27	192
28	192
29	192
30	192
32	192
34	192
36	192
37	192
38	192
39	192
41	192
43	192
44	192
46	192
47	192
51	192
53	192
54	192
57	192
58	192
62	192
63	192
66	192
69	192
70	192
77	192
78	192
79	192
80	192
81	192
82	192
84	192
87	192
88	192
89	192
90	192
91	192
93	192
94	192
102	192
103	192
105	192
107	192
110	192
111	192
113	192
114	192
115	192
117	192
119	192
120	192
2	193
4	193
6	193
7	193
10	193
11	193
12	193
13	193
14	193
15	193
17	193
19	193
20	193
25	193
26	193
27	193
28	193
29	193
30	193
32	193
34	193
36	193
37	193
38	193
39	193
41	193
43	193
44	193
46	193
47	193
48	193
51	193
53	193
54	193
57	193
58	193
62	193
63	193
66	193
69	193
70	193
77	193
78	193
79	193
80	193
81	193
82	193
84	193
87	193
88	193
89	193
90	193
91	193
93	193
94	193
95	193
103	193
105	193
107	193
110	193
111	193
113	193
114	193
115	193
117	193
119	193
120	193
2	194
4	194
6	194
7	194
10	194
11	194
12	194
13	194
14	194
15	194
19	194
20	194
25	194
26	194
27	194
28	194
29	194
30	194
32	194
34	194
36	194
37	194
38	194
39	194
41	194
43	194
44	194
47	194
48	194
51	194
53	194
54	194
57	194
58	194
60	194
62	194
63	194
66	194
69	194
70	194
77	194
78	194
79	194
80	194
81	194
82	194
84	194
87	194
88	194
89	194
90	194
91	194
93	194
94	194
95	194
103	194
105	194
107	194
110	194
111	194
113	194
114	194
115	194
119	194
120	194
2	195
4	195
6	195
7	195
11	195
12	195
13	195
14	195
15	195
19	195
20	195
25	195
26	195
27	195
28	195
29	195
32	195
34	195
36	195
37	195
38	195
39	195
41	195
43	195
44	195
47	195
48	195
51	195
53	195
54	195
57	195
58	195
60	195
62	195
63	195
66	195
69	195
70	195
77	195
78	195
79	195
80	195
81	195
82	195
84	195
85	195
87	195
88	195
89	195
90	195
91	195
93	195
94	195
95	195
103	195
105	195
107	195
110	195
111	195
113	195
114	195
115	195
119	195
120	195
2	196
4	196
6	196
7	196
11	196
12	196
14	196
15	196
19	196
20	196
26	196
27	196
28	196
29	196
32	196
34	196
36	196
37	196
38	196
39	196
41	196
43	196
44	196
47	196
48	196
51	196
53	196
54	196
57	196
58	196
60	196
62	196
63	196
66	196
69	196
70	196
77	196
78	196
79	196
80	196
81	196
82	196
83	196
84	196
85	196
87	196
88	196
89	196
90	196
91	196
93	196
94	196
95	196
103	196
105	196
107	196
110	196
111	196
113	196
114	196
115	196
119	196
120	196
2	197
4	197
6	197
7	197
11	197
12	197
14	197
15	197
17	197
19	197
20	197
26	197
27	197
28	197
29	197
32	197
34	197
36	197
37	197
39	197
41	197
43	197
44	197
47	197
48	197
51	197
53	197
54	197
57	197
58	197
60	197
62	197
63	197
66	197
69	197
70	197
77	197
78	197
79	197
80	197
81	197
82	197
83	197
84	197
85	197
87	197
88	197
89	197
90	197
91	197
93	197
94	197
103	197
105	197
107	197
110	197
111	197
113	197
115	197
119	197
120	197
2	198
4	198
6	198
7	198
11	198
12	198
14	198
15	198
17	198
20	198
26	198
27	198
29	198
32	198
34	198
36	198
37	198
39	198
41	198
43	198
44	198
47	198
48	198
51	198
53	198
54	198
57	198
58	198
60	198
62	198
63	198
66	198
69	198
70	198
77	198
78	198
79	198
80	198
81	198
82	198
83	198
84	198
85	198
87	198
88	198
89	198
90	198
91	198
93	198
94	198
96	198
103	198
105	198
107	198
110	198
111	198
113	198
115	198
119	198
120	198
2	199
4	199
6	199
7	199
11	199
14	199
15	199
17	199
20	199
25	199
26	199
27	199
29	199
32	199
34	199
36	199
37	199
39	199
41	199
43	199
44	199
47	199
48	199
51	199
53	199
54	199
57	199
58	199
60	199
62	199
63	199
66	199
69	199
70	199
74	199
77	199
78	199
79	199
80	199
81	199
82	199
83	199
84	199
85	199
87	199
88	199
89	199
90	199
91	199
93	199
94	199
96	199
103	199
105	199
107	199
110	199
111	199
113	199
115	199
119	199
120	199
2	200
4	200
6	200
7	200
11	200
15	200
17	200
25	200
26	200
27	200
29	200
32	200
34	200
36	200
37	200
39	200
41	200
43	200
44	200
47	200
48	200
51	200
53	200
54	200
57	200
58	200
60	200
62	200
63	200
64	200
66	200
69	200
70	200
74	200
77	200
78	200
79	200
80	200
81	200
82	200
83	200
84	200
85	200
87	200
88	200
89	200
90	200
91	200
93	200
94	200
96	200
103	200
105	200
107	200
110	200
111	200
113	200
115	200
119	200
120	200
1	201
2	201
4	201
6	201
7	201
11	201
15	201
17	201
25	201
26	201
27	201
29	201
30	201
32	201
34	201
36	201
37	201
39	201
41	201
43	201
44	201
47	201
48	201
51	201
53	201
54	201
57	201
58	201
60	201
62	201
63	201
64	201
66	201
69	201
70	201
74	201
77	201
78	201
79	201
80	201
81	201
82	201
83	201
84	201
85	201
86	201
87	201
88	201
89	201
90	201
91	201
93	201
94	201
96	201
103	201
105	201
107	201
110	201
111	201
113	201
115	201
119	201
120	201
1	202
2	202
4	202
5	202
6	202
7	202
11	202
15	202
17	202
24	202
25	202
26	202
27	202
29	202
30	202
32	202
34	202
36	202
37	202
39	202
41	202
43	202
44	202
47	202
48	202
51	202
53	202
57	202
58	202
60	202
62	202
63	202
64	202
66	202
69	202
70	202
74	202
77	202
78	202
79	202
80	202
81	202
82	202
83	202
84	202
85	202
86	202
87	202
88	202
89	202
90	202
91	202
93	202
94	202
96	202
103	202
105	202
107	202
110	202
111	202
113	202
115	202
119	202
120	202
1	203
2	203
4	203
5	203
6	203
7	203
15	203
17	203
20	203
24	203
25	203
26	203
27	203
29	203
30	203
32	203
34	203
36	203
37	203
39	203
41	203
43	203
44	203
47	203
48	203
51	203
53	203
57	203
58	203
60	203
62	203
63	203
64	203
66	203
69	203
70	203
74	203
75	203
77	203
78	203
79	203
80	203
81	203
82	203
83	203
84	203
85	203
86	203
87	203
88	203
89	203
90	203
91	203
93	203
94	203
96	203
103	203
105	203
107	203
110	203
111	203
113	203
115	203
119	203
120	203
1	204
2	204
3	204
4	204
5	204
6	204
7	204
15	204
17	204
20	204
24	204
25	204
26	204
27	204
28	204
29	204
30	204
32	204
34	204
36	204
37	204
39	204
41	204
43	204
44	204
47	204
48	204
51	204
53	204
57	204
58	204
60	204
62	204
63	204
64	204
66	204
69	204
70	204
74	204
75	204
77	204
78	204
79	204
80	204
81	204
82	204
83	204
84	204
85	204
86	204
87	204
88	204
89	204
90	204
91	204
93	204
94	204
96	204
97	204
103	204
105	204
107	204
110	204
111	204
113	204
115	204
119	204
120	204
1	205
2	205
3	205
4	205
5	205
7	205
15	205
17	205
20	205
24	205
25	205
26	205
27	205
28	205
29	205
32	205
34	205
36	205
37	205
39	205
41	205
43	205
44	205
47	205
48	205
51	205
53	205
57	205
58	205
60	205
62	205
63	205
64	205
66	205
69	205
70	205
74	205
75	205
77	205
78	205
79	205
81	205
82	205
83	205
84	205
85	205
86	205
87	205
88	205
89	205
90	205
91	205
93	205
94	205
96	205
97	205
103	205
105	205
107	205
110	205
111	205
113	205
115	205
119	205
120	205
1	206
2	206
3	206
4	206
5	206
7	206
8	206
15	206
17	206
20	206
24	206
25	206
26	206
27	206
28	206
29	206
32	206
34	206
36	206
39	206
41	206
43	206
44	206
47	206
48	206
51	206
53	206
57	206
58	206
60	206
62	206
63	206
64	206
66	206
69	206
70	206
74	206
75	206
77	206
78	206
79	206
81	206
82	206
83	206
84	206
85	206
86	206
87	206
88	206
89	206
91	206
93	206
94	206
96	206
97	206
103	206
105	206
107	206
110	206
111	206
113	206
115	206
119	206
120	206
1	207
2	207
3	207
5	207
7	207
8	207
15	207
17	207
20	207
24	207
26	207
27	207
28	207
29	207
32	207
34	207
36	207
39	207
41	207
43	207
44	207
47	207
48	207
51	207
53	207
57	207
60	207
62	207
63	207
64	207
66	207
69	207
70	207
74	207
75	207
77	207
78	207
79	207
81	207
82	207
83	207
84	207
85	207
86	207
87	207
88	207
89	207
91	207
93	207
94	207
96	207
97	207
103	207
105	207
107	207
109	207
110	207
111	207
113	207
115	207
119	207
120	207
1	208
2	208
3	208
7	208
8	208
15	208
17	208
20	208
24	208
26	208
27	208
28	208
29	208
32	208
34	208
36	208
39	208
41	208
43	208
44	208
45	208
47	208
48	208
51	208
53	208
57	208
60	208
62	208
63	208
64	208
66	208
69	208
70	208
74	208
75	208
77	208
78	208
79	208
81	208
82	208
83	208
84	208
85	208
86	208
87	208
88	208
89	208
91	208
92	208
93	208
94	208
96	208
97	208
103	208
105	208
107	208
109	208
110	208
111	208
113	208
115	208
119	208
120	208
1	209
2	209
7	209
8	209
15	209
17	209
20	209
24	209
26	209
27	209
28	209
29	209
32	209
34	209
36	209
39	209
40	209
41	209
43	209
44	209
45	209
47	209
48	209
51	209
53	209
57	209
60	209
62	209
63	209
64	209
66	209
69	209
70	209
74	209
75	209
78	209
79	209
81	209
82	209
83	209
84	209
85	209
86	209
87	209
88	209
89	209
91	209
92	209
93	209
94	209
96	209
97	209
103	209
105	209
107	209
109	209
110	209
111	209
113	209
115	209
119	209
120	209
1	210
2	210
7	210
8	210
14	210
15	210
17	210
20	210
24	210
26	210
27	210
28	210
32	210
34	210
36	210
39	210
40	210
41	210
43	210
44	210
45	210
47	210
48	210
51	210
53	210
57	210
60	210
62	210
63	210
64	210
66	210
69	210
70	210
74	210
75	210
78	210
79	210
81	210
82	210
83	210
84	210
85	210
86	210
87	210
88	210
89	210
91	210
92	210
94	210
96	210
97	210
103	210
105	210
107	210
109	210
110	210
111	210
113	210
115	210
119	210
120	210
1	211
2	211
7	211
8	211
14	211
17	211
20	211
24	211
26	211
27	211
28	211
32	211
34	211
36	211
39	211
40	211
41	211
43	211
44	211
45	211
48	211
51	211
53	211
57	211
60	211
62	211
63	211
64	211
66	211
69	211
70	211
74	211
75	211
78	211
79	211
81	211
82	211
83	211
84	211
85	211
86	211
87	211
88	211
89	211
91	211
92	211
94	211
96	211
103	211
105	211
107	211
109	211
110	211
111	211
113	211
115	211
119	211
120	211
1	212
2	212
7	212
8	212
11	212
14	212
17	212
20	212
22	212
24	212
26	212
27	212
28	212
32	212
34	212
36	212
39	212
40	212
41	212
43	212
44	212
45	212
48	212
51	212
53	212
57	212
60	212
62	212
63	212
64	212
66	212
69	212
70	212
74	212
75	212
78	212
79	212
81	212
82	212
83	212
84	212
85	212
86	212
87	212
88	212
89	212
91	212
92	212
94	212
96	212
98	212
103	212
105	212
107	212
109	212
110	212
111	212
113	212
115	212
119	212
120	212
1	213
2	213
3	213
7	213
8	213
11	213
14	213
17	213
20	213
22	213
24	213
25	213
26	213
27	213
28	213
32	213
34	213
36	213
39	213
40	213
41	213
43	213
44	213
45	213
48	213
51	213
53	213
57	213
60	213
62	213
63	213
64	213
66	213
69	213
70	213
74	213
75	213
78	213
79	213
81	213
82	213
83	213
84	213
85	213
86	213
87	213
88	213
89	213
91	213
92	213
94	213
96	213
98	213
99	213
103	213
105	213
107	213
109	213
110	213
111	213
113	213
115	213
120	213
1	214
2	214
3	214
7	214
8	214
11	214
14	214
22	214
24	214
25	214
26	214
27	214
28	214
32	214
34	214
36	214
39	214
40	214
41	214
43	214
44	214
45	214
48	214
51	214
53	214
57	214
60	214
62	214
63	214
64	214
66	214
69	214
74	214
75	214
78	214
79	214
81	214
82	214
83	214
84	214
85	214
86	214
87	214
88	214
89	214
91	214
92	214
94	214
96	214
98	214
99	214
103	214
104	214
105	214
107	214
109	214
110	214
111	214
113	214
115	214
120	214
1	215
2	215
3	215
7	215
8	215
11	215
13	215
14	215
22	215
24	215
25	215
26	215
27	215
28	215
32	215
33	215
34	215
36	215
39	215
40	215
41	215
43	215
44	215
45	215
48	215
51	215
53	215
57	215
60	215
62	215
63	215
64	215
65	215
66	215
69	215
74	215
75	215
78	215
79	215
81	215
82	215
83	215
84	215
85	215
86	215
87	215
88	215
89	215
91	215
92	215
94	215
96	215
98	215
99	215
103	215
104	215
105	215
107	215
109	215
110	215
111	215
113	215
115	215
120	215
1	216
2	216
3	216
7	216
8	216
13	216
14	216
22	216
23	216
24	216
25	216
26	216
27	216
28	216
32	216
33	216
34	216
36	216
39	216
40	216
41	216
43	216
44	216
45	216
48	216
51	216
53	216
57	216
60	216
62	216
63	216
64	216
65	216
66	216
67	216
69	216
74	216
75	216
78	216
79	216
81	216
82	216
83	216
84	216
85	216
86	216
87	216
88	216
89	216
91	216
92	216
94	216
96	216
98	216
99	216
103	216
104	216
105	216
107	216
109	216
110	216
111	216
113	216
115	216
120	216
1	217
2	217
3	217
6	217
7	217
8	217
13	217
14	217
22	217
23	217
24	217
25	217
26	217
27	217
28	217
32	217
33	217
34	217
39	217
40	217
41	217
43	217
44	217
45	217
48	217
51	217
53	217
57	217
60	217
62	217
63	217
64	217
65	217
66	217
67	217
69	217
74	217
75	217
78	217
79	217
81	217
83	217
84	217
85	217
86	217
87	217
88	217
89	217
91	217
92	217
94	217
96	217
98	217
99	217
103	217
104	217
105	217
107	217
109	217
110	217
111	217
113	217
114	217
115	217
120	217
1	218
2	218
3	218
6	218
7	218
8	218
13	218
14	218
18	218
22	218
23	218
24	218
25	218
26	218
27	218
28	218
29	218
32	218
33	218
34	218
39	218
40	218
41	218
43	218
44	218
45	218
48	218
51	218
53	218
57	218
60	218
63	218
64	218
65	218
66	218
67	218
69	218
74	218
75	218
78	218
79	218
81	218
83	218
84	218
85	218
86	218
87	218
88	218
89	218
91	218
92	218
94	218
96	218
98	218
99	218
103	218
104	218
105	218
107	218
109	218
110	218
111	218
113	218
114	218
115	218
120	218
1	219
2	219
3	219
6	219
7	219
8	219
13	219
14	219
18	219
19	219
22	219
23	219
24	219
25	219
26	219
27	219
28	219
29	219
32	219
33	219
34	219
39	219
40	219
41	219
42	219
43	219
44	219
45	219
48	219
51	219
53	219
55	219
57	219
60	219
63	219
64	219
65	219
66	219
67	219
69	219
74	219
75	219
78	219
79	219
81	219
83	219
84	219
85	219
86	219
87	219
88	219
89	219
91	219
92	219
94	219
96	219
98	219
99	219
103	219
104	219
105	219
107	219
109	219
110	219
111	219
113	219
114	219
115	219
118	219
120	219
1	220
2	220
3	220
6	220
7	220
8	220
13	220
14	220
17	220
18	220
19	220
22	220
23	220
24	220
25	220
26	220
27	220
28	220
29	220
32	220
33	220
34	220
39	220
40	220
41	220
42	220
44	220
45	220
48	220
51	220
55	220
57	220
60	220
63	220
64	220
65	220
66	220
67	220
69	220
74	220
75	220
78	220
79	220
81	220
83	220
84	220
85	220
86	220
87	220
88	220
89	220
91	220
92	220
94	220
96	220
98	220
99	220
103	220
104	220
105	220
107	220
109	220
110	220
113	220
114	220
115	220
118	220
120	220
1	221
2	221
3	221
6	221
7	221
8	221
11	221
13	221
14	221
17	221
18	221
19	221
22	221
23	221
24	221
25	221
26	221
27	221
28	221
29	221
32	221
33	221
34	221
39	221
40	221
41	221
42	221
44	221
45	221
48	221
49	221
51	221
55	221
57	221
60	221
63	221
64	221
65	221
66	221
67	221
69	221
73	221
74	221
75	221
78	221
79	221
81	221
83	221
84	221
85	221
86	221
87	221
88	221
89	221
91	221
92	221
94	221
96	221
98	221
99	221
103	221
104	221
105	221
107	221
109	221
110	221
113	221
114	221
115	221
118	221
120	221
1	222
2	222
3	222
6	222
7	222
8	222
11	222
13	222
14	222
16	222
17	222
18	222
19	222
22	222
23	222
24	222
26	222
27	222
28	222
29	222
32	222
33	222
34	222
39	222
40	222
41	222
42	222
44	222
45	222
48	222
49	222
51	222
55	222
57	222
60	222
63	222
64	222
65	222
66	222
67	222
69	222
73	222
74	222
75	222
78	222
79	222
81	222
83	222
84	222
85	222
86	222
88	222
89	222
91	222
92	222
94	222
96	222
98	222
99	222
103	222
104	222
105	222
107	222
109	222
113	222
114	222
115	222
118	222
120	222
1	223
2	223
3	223
6	223
7	223
8	223
11	223
13	223
14	223
16	223
17	223
19	223
22	223
23	223
24	223
26	223
27	223
28	223
29	223
32	223
33	223
34	223
39	223
40	223
41	223
42	223
44	223
45	223
47	223
48	223
49	223
51	223
55	223
57	223
59	223
60	223
63	223
64	223
65	223
66	223
67	223
69	223
73	223
74	223
75	223
78	223
79	223
81	223
83	223
84	223
85	223
86	223
88	223
89	223
91	223
92	223
94	223
96	223
98	223
99	223
103	223
104	223
105	223
107	223
109	223
113	223
114	223
115	223
118	223
120	223
1	224
2	224
3	224
6	224
8	224
11	224
13	224
14	224
16	224
17	224
19	224
22	224
23	224
24	224
26	224
27	224
28	224
29	224
32	224
33	224
34	224
39	224
40	224
41	224
42	224
43	224
44	224
45	224
47	224
48	224
49	224
51	224
55	224
57	224
59	224
60	224
63	224
64	224
65	224
66	224
67	224
69	224
73	224
74	224
75	224
78	224
79	224
81	224
83	224
84	224
85	224
86	224
88	224
89	224
91	224
92	224
94	224
96	224
98	224
99	224
100	224
103	224
104	224
105	224
107	224
109	224
113	224
114	224
115	224
118	224
120	224
1	225
2	225
3	225
6	225
8	225
11	225
13	225
14	225
15	225
16	225
17	225
19	225
22	225
23	225
24	225
26	225
28	225
29	225
32	225
33	225
34	225
39	225
40	225
41	225
42	225
43	225
44	225
45	225
47	225
48	225
49	225
51	225
53	225
55	225
57	225
59	225
60	225
63	225
64	225
65	225
66	225
67	225
69	225
73	225
74	225
75	225
78	225
79	225
81	225
83	225
84	225
85	225
86	225
88	225
89	225
91	225
92	225
94	225
96	225
98	225
99	225
100	225
103	225
104	225
105	225
107	225
109	225
113	225
114	225
115	225
116	225
118	225
120	225
2	226
3	226
6	226
8	226
11	226
13	226
14	226
15	226
16	226
17	226
19	226
22	226
23	226
24	226
26	226
28	226
29	226
32	226
33	226
34	226
36	226
39	226
40	226
41	226
42	226
43	226
44	226
45	226
47	226
48	226
49	226
51	226
53	226
54	226
55	226
57	226
59	226
60	226
63	226
64	226
65	226
66	226
67	226
69	226
73	226
74	226
75	226
78	226
79	226
81	226
83	226
84	226
85	226
86	226
88	226
89	226
91	226
92	226
94	226
96	226
98	226
99	226
100	226
103	226
104	226
105	226
107	226
108	226
109	226
113	226
114	226
115	226
116	226
118	226
120	226
2	227
3	227
6	227
8	227
11	227
13	227
14	227
15	227
16	227
17	227
18	227
19	227
22	227
23	227
24	227
26	227
28	227
29	227
31	227
32	227
33	227
34	227
36	227
39	227
40	227
41	227
42	227
43	227
44	227
45	227
47	227
48	227
49	227
51	227
53	227
54	227
55	227
57	227
59	227
60	227
63	227
64	227
65	227
66	227
67	227
68	227
69	227
73	227
74	227
75	227
78	227
79	227
81	227
83	227
84	227
85	227
86	227
88	227
89	227
91	227
92	227
94	227
96	227
98	227
99	227
100	227
103	227
104	227
105	227
107	227
108	227
109	227
110	227
113	227
114	227
115	227
116	227
118	227
120	227
2	228
3	228
6	228
7	228
8	228
11	228
13	228
14	228
15	228
16	228
17	228
18	228
19	228
22	228
23	228
24	228
26	228
27	228
28	228
29	228
31	228
32	228
33	228
34	228
36	228
39	228
40	228
41	228
42	228
43	228
44	228
45	228
47	228
48	228
49	228
51	228
53	228
54	228
55	228
57	228
59	228
60	228
63	228
64	228
65	228
66	228
67	228
68	228
69	228
73	228
74	228
75	228
78	228
79	228
81	228
83	228
84	228
85	228
86	228
88	228
89	228
91	228
92	228
94	228
98	228
99	228
100	228
103	228
104	228
105	228
107	228
108	228
109	228
110	228
113	228
114	228
116	228
118	228
120	228
2	229
3	229
6	229
7	229
8	229
11	229
13	229
14	229
15	229
17	229
18	229
19	229
22	229
24	229
26	229
27	229
28	229
29	229
31	229
32	229
33	229
34	229
36	229
39	229
40	229
41	229
42	229
43	229
44	229
45	229
47	229
48	229
49	229
51	229
53	229
54	229
55	229
57	229
59	229
60	229
63	229
64	229
65	229
66	229
67	229
68	229
69	229
73	229
74	229
75	229
78	229
79	229
81	229
83	229
84	229
85	229
86	229
88	229
89	229
91	229
92	229
94	229
98	229
100	229
103	229
104	229
105	229
107	229
108	229
109	229
110	229
113	229
114	229
116	229
118	229
120	229
2	230
3	230
6	230
7	230
8	230
11	230
13	230
14	230
15	230
17	230
19	230
22	230
24	230
26	230
27	230
29	230
31	230
32	230
33	230
34	230
36	230
39	230
40	230
41	230
42	230
43	230
44	230
45	230
47	230
48	230
49	230
51	230
53	230
54	230
55	230
57	230
59	230
60	230
63	230
64	230
65	230
66	230
67	230
68	230
69	230
73	230
74	230
75	230
76	230
78	230
79	230
81	230
83	230
84	230
85	230
86	230
88	230
89	230
91	230
92	230
94	230
98	230
100	230
102	230
103	230
104	230
105	230
107	230
108	230
109	230
110	230
113	230
114	230
116	230
118	230
120	230
2	231
3	231
6	231
7	231
8	231
11	231
13	231
14	231
15	231
17	231
22	231
24	231
26	231
27	231
29	231
30	231
31	231
32	231
33	231
34	231
36	231
39	231
40	231
41	231
42	231
43	231
44	231
45	231
47	231
48	231
49	231
51	231
53	231
54	231
55	231
57	231
59	231
60	231
63	231
64	231
65	231
66	231
67	231
68	231
69	231
73	231
74	231
75	231
76	231
78	231
79	231
81	231
83	231
84	231
85	231
86	231
87	231
88	231
89	231
91	231
92	231
94	231
98	231
100	231
102	231
103	231
104	231
105	231
107	231
108	231
109	231
110	231
113	231
114	231
116	231
118	231
120	231
2	232
3	232
6	232
7	232
8	232
11	232
13	232
14	232
15	232
16	232
17	232
22	232
24	232
26	232
29	232
30	232
31	232
32	232
33	232
34	232
36	232
39	232
40	232
41	232
42	232
43	232
44	232
45	232
47	232
48	232
49	232
51	232
53	232
54	232
55	232
57	232
59	232
60	232
63	232
64	232
65	232
66	232
67	232
68	232
69	232
73	232
74	232
75	232
76	232
78	232
79	232
81	232
83	232
84	232
85	232
86	232
87	232
89	232
91	232
92	232
94	232
98	232
100	232
102	232
103	232
104	232
105	232
107	232
108	232
109	232
110	232
113	232
114	232
116	232
118	232
120	232
2	233
3	233
4	233
6	233
7	233
8	233
11	233
13	233
14	233
15	233
16	233
17	233
22	233
26	233
29	233
30	233
31	233
32	233
33	233
34	233
36	233
39	233
40	233
41	233
42	233
43	233
44	233
45	233
47	233
48	233
49	233
51	233
53	233
54	233
55	233
57	233
59	233
60	233
63	233
64	233
65	233
66	233
67	233
68	233
69	233
73	233
74	233
75	233
76	233
79	233
81	233
83	233
84	233
85	233
86	233
87	233
89	233
91	233
92	233
94	233
98	233
100	233
102	233
103	233
104	233
105	233
107	233
108	233
109	233
110	233
112	233
113	233
114	233
116	233
118	233
120	233
2	234
3	234
4	234
6	234
7	234
8	234
11	234
13	234
14	234
15	234
16	234
17	234
19	234
22	234
26	234
29	234
30	234
31	234
32	234
33	234
34	234
35	234
36	234
39	234
40	234
41	234
42	234
43	234
44	234
45	234
47	234
48	234
49	234
51	234
53	234
54	234
55	234
57	234
59	234
60	234
63	234
64	234
65	234
66	234
67	234
68	234
69	234
73	234
74	234
75	234
76	234
79	234
81	234
83	234
85	234
86	234
87	234
89	234
91	234
92	234
94	234
98	234
100	234
102	234
103	234
104	234
107	234
108	234
109	234
110	234
112	234
113	234
114	234
116	234
118	234
120	234
2	235
3	235
4	235
6	235
7	235
8	235
11	235
13	235
14	235
15	235
16	235
19	235
22	235
26	235
27	235
29	235
30	235
31	235
32	235
33	235
34	235
35	235
36	235
39	235
40	235
41	235
42	235
43	235
44	235
45	235
47	235
48	235
49	235
51	235
53	235
54	235
55	235
57	235
59	235
60	235
63	235
64	235
65	235
66	235
67	235
68	235
69	235
73	235
74	235
75	235
76	235
79	235
81	235
83	235
85	235
86	235
87	235
89	235
91	235
92	235
94	235
100	235
102	235
103	235
104	235
107	235
108	235
109	235
110	235
112	235
113	235
114	235
116	235
118	235
120	235
2	236
3	236
4	236
6	236
8	236
11	236
13	236
14	236
15	236
16	236
19	236
22	236
26	236
27	236
29	236
30	236
31	236
32	236
33	236
34	236
35	236
36	236
39	236
40	236
41	236
42	236
43	236
44	236
45	236
47	236
48	236
51	236
53	236
54	236
55	236
57	236
59	236
60	236
63	236
64	236
65	236
66	236
67	236
68	236
69	236
73	236
74	236
75	236
76	236
79	236
80	236
81	236
83	236
85	236
86	236
87	236
89	236
91	236
92	236
94	236
100	236
102	236
103	236
104	236
107	236
108	236
109	236
110	236
112	236
113	236
114	236
116	236
118	236
120	236
2	237
3	237
4	237
6	237
8	237
11	237
13	237
14	237
15	237
19	237
22	237
26	237
27	237
28	237
29	237
30	237
31	237
32	237
33	237
34	237
35	237
36	237
39	237
40	237
41	237
42	237
43	237
44	237
45	237
47	237
48	237
51	237
53	237
54	237
55	237
57	237
59	237
60	237
63	237
64	237
65	237
66	237
67	237
68	237
69	237
70	237
73	237
74	237
75	237
76	237
79	237
80	237
81	237
83	237
85	237
86	237
87	237
89	237
91	237
92	237
94	237
100	237
102	237
103	237
104	237
107	237
108	237
109	237
110	237
112	237
113	237
114	237
116	237
118	237
120	237
2	238
3	238
4	238
5	238
6	238
8	238
11	238
13	238
14	238
15	238
19	238
22	238
26	238
27	238
28	238
29	238
30	238
31	238
32	238
33	238
34	238
35	238
36	238
39	238
40	238
41	238
42	238
43	238
44	238
45	238
47	238
51	238
53	238
54	238
55	238
57	238
59	238
60	238
63	238
64	238
65	238
66	238
67	238
68	238
69	238
70	238
73	238
74	238
75	238
76	238
79	238
80	238
81	238
83	238
85	238
86	238
87	238
89	238
91	238
92	238
94	238
97	238
100	238
102	238
103	238
104	238
106	238
107	238
108	238
109	238
110	238
112	238
113	238
114	238
116	238
118	238
120	238
2	239
3	239
4	239
5	239
6	239
8	239
9	239
11	239
13	239
14	239
15	239
19	239
22	239
26	239
27	239
28	239
29	239
30	239
31	239
32	239
33	239
35	239
36	239
39	239
40	239
41	239
42	239
43	239
44	239
45	239
47	239
51	239
53	239
54	239
55	239
57	239
59	239
60	239
63	239
64	239
65	239
66	239
67	239
68	239
69	239
70	239
73	239
74	239
75	239
76	239
77	239
79	239
80	239
81	239
83	239
85	239
86	239
87	239
89	239
91	239
92	239
94	239
97	239
100	239
102	239
103	239
104	239
106	239
107	239
108	239
109	239
110	239
112	239
113	239
114	239
116	239
118	239
120	239
2	240
3	240
4	240
5	240
8	240
9	240
11	240
13	240
14	240
15	240
19	240
22	240
26	240
28	240
29	240
30	240
31	240
32	240
33	240
35	240
36	240
39	240
40	240
41	240
42	240
43	240
44	240
45	240
47	240
51	240
53	240
54	240
55	240
57	240
59	240
60	240
63	240
64	240
65	240
66	240
67	240
68	240
69	240
70	240
73	240
74	240
75	240
76	240
77	240
78	240
79	240
80	240
81	240
83	240
85	240
86	240
87	240
89	240
91	240
92	240
94	240
97	240
100	240
102	240
103	240
104	240
106	240
107	240
108	240
109	240
110	240
112	240
113	240
114	240
116	240
118	240
120	240
3	241
4	241
5	241
8	241
9	241
11	241
13	241
14	241
15	241
19	241
22	241
28	241
29	241
30	241
31	241
32	241
33	241
35	241
36	241
39	241
40	241
41	241
42	241
43	241
44	241
45	241
47	241
51	241
53	241
54	241
55	241
57	241
59	241
60	241
63	241
64	241
65	241
66	241
67	241
68	241
69	241
70	241
73	241
74	241
75	241
76	241
77	241
78	241
79	241
80	241
81	241
83	241
85	241
86	241
87	241
89	241
91	241
92	241
94	241
95	241
97	241
100	241
102	241
103	241
104	241
106	241
107	241
108	241
109	241
110	241
112	241
113	241
114	241
116	241
118	241
120	241
3	242
4	242
5	242
8	242
9	242
10	242
11	242
13	242
14	242
15	242
22	242
28	242
29	242
30	242
31	242
32	242
33	242
35	242
36	242
39	242
40	242
41	242
42	242
43	242
44	242
45	242
47	242
51	242
53	242
54	242
55	242
57	242
59	242
60	242
63	242
64	242
65	242
66	242
67	242
68	242
69	242
70	242
73	242
74	242
75	242
76	242
77	242
78	242
79	242
80	242
81	242
83	242
85	242
86	242
87	242
91	242
92	242
94	242
95	242
97	242
100	242
102	242
103	242
104	242
106	242
107	242
108	242
109	242
110	242
112	242
113	242
114	242
116	242
118	242
120	242
3	243
4	243
5	243
8	243
9	243
10	243
11	243
13	243
15	243
22	243
24	243
28	243
29	243
30	243
31	243
32	243
33	243
35	243
36	243
39	243
40	243
41	243
42	243
43	243
44	243
45	243
47	243
51	243
53	243
54	243
55	243
57	243
59	243
60	243
63	243
64	243
65	243
66	243
67	243
68	243
69	243
70	243
73	243
74	243
75	243
76	243
77	243
78	243
79	243
80	243
83	243
85	243
86	243
87	243
91	243
92	243
94	243
95	243
97	243
100	243
102	243
103	243
104	243
106	243
107	243
108	243
109	243
110	243
112	243
113	243
114	243
116	243
118	243
120	243
3	244
4	244
5	244
8	244
9	244
10	244
11	244
13	244
15	244
17	244
22	244
24	244
28	244
29	244
30	244
31	244
32	244
33	244
35	244
36	244
39	244
40	244
41	244
42	244
43	244
45	244
47	244
51	244
53	244
54	244
55	244
57	244
59	244
60	244
63	244
64	244
65	244
66	244
67	244
68	244
69	244
70	244
73	244
74	244
75	244
76	244
77	244
78	244
79	244
80	244
83	244
85	244
86	244
87	244
91	244
92	244
95	244
97	244
100	244
102	244
103	244
104	244
106	244
107	244
108	244
109	244
110	244
112	244
113	244
114	244
115	244
116	244
118	244
120	244
4	245
5	245
8	245
9	245
10	245
11	245
13	245
15	245
17	245
22	245
24	245
28	245
30	245
31	245
32	245
33	245
35	245
36	245
39	245
40	245
41	245
42	245
43	245
45	245
47	245
51	245
53	245
54	245
55	245
57	245
59	245
60	245
63	245
64	245
65	245
66	245
67	245
68	245
69	245
70	245
73	245
74	245
75	245
76	245
77	245
78	245
79	245
80	245
83	245
85	245
86	245
87	245
90	245
91	245
92	245
95	245
97	245
100	245
102	245
103	245
104	245
106	245
107	245
108	245
109	245
110	245
112	245
113	245
114	245
115	245
116	245
118	245
120	245
2	246
4	246
5	246
8	246
9	246
10	246
11	246
13	246
15	246
17	246
22	246
24	246
28	246
30	246
31	246
32	246
33	246
35	246
36	246
39	246
40	246
41	246
42	246
43	246
44	246
45	246
47	246
51	246
53	246
54	246
55	246
57	246
59	246
60	246
63	246
64	246
65	246
66	246
67	246
68	246
69	246
70	246
72	246
73	246
74	246
75	246
76	246
77	246
78	246
79	246
80	246
83	246
85	246
86	246
87	246
90	246
91	246
92	246
95	246
97	246
100	246
102	246
103	246
104	246
106	246
107	246
108	246
109	246
110	246
112	246
113	246
114	246
115	246
116	246
118	246
120	246
2	247
4	247
5	247
8	247
10	247
11	247
13	247
15	247
17	247
21	247
22	247
24	247
28	247
30	247
31	247
32	247
33	247
35	247
36	247
39	247
40	247
41	247
42	247
43	247
44	247
45	247
47	247
51	247
53	247
54	247
55	247
57	247
59	247
60	247
63	247
64	247
65	247
66	247
67	247
68	247
69	247
70	247
72	247
73	247
74	247
75	247
76	247
77	247
78	247
79	247
80	247
83	247
85	247
86	247
87	247
90	247
92	247
95	247
97	247
100	247
102	247
103	247
104	247
106	247
107	247
108	247
109	247
110	247
112	247
113	247
114	247
115	247
116	247
118	247
120	247
2	248
4	248
5	248
10	248
11	248
13	248
15	248
17	248
21	248
22	248
24	248
28	248
30	248
31	248
32	248
33	248
35	248
36	248
39	248
40	248
41	248
42	248
43	248
44	248
45	248
47	248
50	248
51	248
53	248
54	248
55	248
57	248
59	248
60	248
63	248
64	248
65	248
66	248
67	248
68	248
70	248
72	248
73	248
74	248
75	248
76	248
77	248
78	248
79	248
80	248
83	248
85	248
86	248
87	248
90	248
92	248
95	248
97	248
100	248
102	248
103	248
104	248
106	248
107	248
108	248
109	248
110	248
112	248
113	248
114	248
115	248
116	248
118	248
120	248
2	249
4	249
5	249
10	249
11	249
13	249
17	249
21	249
22	249
24	249
28	249
30	249
31	249
32	249
33	249
35	249
36	249
39	249
40	249
41	249
42	249
43	249
44	249
45	249
47	249
48	249
50	249
51	249
53	249
54	249
55	249
57	249
59	249
60	249
62	249
63	249
64	249
65	249
66	249
67	249
68	249
70	249
72	249
73	249
74	249
75	249
76	249
77	249
78	249
79	249
80	249
83	249
85	249
86	249
87	249
90	249
92	249
95	249
97	249
100	249
102	249
103	249
104	249
106	249
107	249
108	249
109	249
110	249
112	249
113	249
114	249
115	249
116	249
118	249
120	249
2	250
4	250
5	250
10	250
11	250
13	250
17	250
18	250
21	250
22	250
24	250
28	250
30	250
31	250
32	250
33	250
34	250
35	250
36	250
39	250
40	250
41	250
42	250
43	250
44	250
45	250
47	250
48	250
50	250
51	250
53	250
54	250
55	250
57	250
59	250
60	250
62	250
63	250
64	250
65	250
66	250
67	250
68	250
70	250
72	250
73	250
74	250
75	250
76	250
77	250
78	250
79	250
80	250
83	250
84	250
85	250
86	250
87	250
90	250
92	250
95	250
97	250
100	250
102	250
103	250
104	250
106	250
107	250
108	250
109	250
110	250
112	250
113	250
114	250
115	250
116	250
118	250
120	250
2	251
4	251
5	251
10	251
13	251
17	251
18	251
21	251
22	251
24	251
28	251
29	251
30	251
31	251
32	251
33	251
34	251
35	251
36	251
39	251
40	251
41	251
42	251
43	251
44	251
45	251
47	251
48	251
50	251
51	251
53	251
54	251
55	251
57	251
59	251
60	251
62	251
63	251
64	251
65	251
66	251
67	251
68	251
70	251
72	251
73	251
74	251
75	251
76	251
77	251
78	251
79	251
80	251
83	251
84	251
85	251
86	251
87	251
90	251
91	251
92	251
95	251
97	251
100	251
102	251
103	251
104	251
106	251
107	251
108	251
109	251
110	251
112	251
113	251
114	251
115	251
116	251
118	251
120	251
2	252
4	252
5	252
9	252
10	252
13	252
17	252
18	252
20	252
21	252
22	252
24	252
28	252
29	252
30	252
31	252
32	252
33	252
34	252
35	252
36	252
39	252
40	252
41	252
42	252
43	252
44	252
45	252
47	252
48	252
50	252
51	252
53	252
54	252
55	252
57	252
58	252
59	252
60	252
62	252
63	252
64	252
65	252
66	252
67	252
68	252
70	252
72	252
73	252
74	252
75	252
76	252
77	252
78	252
79	252
80	252
83	252
84	252
85	252
86	252
87	252
90	252
91	252
92	252
95	252
97	252
100	252
102	252
103	252
104	252
106	252
107	252
108	252
109	252
110	252
112	252
113	252
114	252
115	252
116	252
117	252
118	252
120	252
2	253
4	253
5	253
9	253
10	253
13	253
18	253
20	253
21	253
22	253
24	253
28	253
29	253
30	253
31	253
32	253
33	253
34	253
35	253
36	253
37	253
39	253
40	253
41	253
42	253
43	253
44	253
45	253
47	253
48	253
50	253
51	253
53	253
54	253
55	253
57	253
58	253
59	253
60	253
62	253
63	253
64	253
65	253
66	253
67	253
68	253
70	253
72	253
73	253
74	253
75	253
76	253
77	253
78	253
79	253
80	253
83	253
84	253
85	253
86	253
87	253
90	253
91	253
92	253
93	253
95	253
97	253
100	253
102	253
103	253
104	253
106	253
107	253
108	253
109	253
110	253
112	253
113	253
114	253
115	253
116	253
117	253
118	253
120	253
1	254
2	254
4	254
5	254
9	254
10	254
13	254
18	254
20	254
21	254
22	254
24	254
26	254
28	254
29	254
30	254
31	254
32	254
33	254
34	254
35	254
36	254
37	254
39	254
40	254
41	254
42	254
43	254
44	254
45	254
47	254
48	254
50	254
51	254
53	254
54	254
55	254
57	254
58	254
59	254
60	254
62	254
63	254
64	254
65	254
66	254
67	254
68	254
70	254
72	254
73	254
74	254
75	254
76	254
77	254
78	254
79	254
80	254
81	254
83	254
84	254
85	254
86	254
87	254
90	254
91	254
92	254
93	254
95	254
97	254
100	254
102	254
103	254
104	254
106	254
107	254
108	254
109	254
110	254
112	254
113	254
114	254
115	254
116	254
117	254
118	254
120	254
1	255
2	255
4	255
5	255
9	255
10	255
13	255
18	255
19	255
20	255
21	255
22	255
24	255
26	255
28	255
29	255
30	255
31	255
32	255
33	255
34	255
35	255
36	255
37	255
39	255
40	255
42	255
43	255
44	255
45	255
47	255
48	255
50	255
51	255
53	255
54	255
55	255
57	255
58	255
59	255
60	255
62	255
63	255
64	255
65	255
66	255
67	255
68	255
70	255
72	255
73	255
74	255
75	255
76	255
77	255
78	255
79	255
80	255
81	255
83	255
84	255
85	255
86	255
87	255
90	255
91	255
92	255
93	255
95	255
97	255
98	255
100	255
102	255
103	255
104	255
106	255
107	255
108	255
109	255
110	255
112	255
113	255
114	255
115	255
116	255
117	255
118	255
120	255
1	256
2	256
4	256
5	256
9	256
10	256
18	256
19	256
20	256
21	256
24	256
26	256
28	256
29	256
30	256
31	256
32	256
33	256
34	256
35	256
36	256
37	256
39	256
40	256
42	256
43	256
44	256
45	256
47	256
48	256
50	256
51	256
53	256
54	256
55	256
57	256
58	256
59	256
60	256
62	256
63	256
64	256
65	256
66	256
67	256
68	256
70	256
72	256
73	256
74	256
75	256
76	256
77	256
78	256
79	256
80	256
81	256
83	256
84	256
85	256
86	256
87	256
90	256
91	256
92	256
93	256
95	256
97	256
98	256
102	256
103	256
104	256
106	256
107	256
108	256
109	256
110	256
112	256
113	256
114	256
115	256
116	256
117	256
118	256
119	256
120	256
1	257
2	257
4	257
5	257
9	257
18	257
19	257
20	257
21	257
24	257
26	257
29	257
30	257
31	257
32	257
33	257
34	257
35	257
36	257
37	257
39	257
40	257
42	257
43	257
44	257
45	257
47	257
48	257
50	257
51	257
53	257
54	257
55	257
57	257
58	257
59	257
60	257
62	257
63	257
64	257
65	257
66	257
67	257
68	257
70	257
71	257
72	257
73	257
74	257
75	257
76	257
77	257
78	257
79	257
80	257
81	257
83	257
84	257
85	257
86	257
87	257
90	257
91	257
92	257
93	257
95	257
97	257
98	257
102	257
103	257
104	257
106	257
107	257
108	257
109	257
110	257
112	257
113	257
114	257
115	257
116	257
117	257
118	257
119	257
120	257
1	258
2	258
5	258
9	258
18	258
19	258
20	258
21	258
24	258
26	258
29	258
30	258
31	258
32	258
33	258
34	258
35	258
36	258
37	258
38	258
39	258
40	258
42	258
43	258
44	258
45	258
47	258
48	258
50	258
51	258
53	258
54	258
55	258
57	258
58	258
59	258
60	258
62	258
63	258
64	258
65	258
66	258
67	258
68	258
70	258
71	258
72	258
73	258
74	258
75	258
76	258
77	258
78	258
79	258
80	258
81	258
83	258
84	258
85	258
86	258
87	258
90	258
91	258
92	258
93	258
94	258
95	258
97	258
98	258
102	258
103	258
104	258
106	258
107	258
108	258
109	258
110	258
112	258
113	258
114	258
115	258
116	258
117	258
118	258
119	258
120	258
1	259
2	259
5	259
8	259
9	259
18	259
19	259
20	259
24	259
26	259
29	259
30	259
31	259
32	259
33	259
34	259
35	259
36	259
37	259
38	259
39	259
40	259
42	259
43	259
44	259
45	259
47	259
48	259
50	259
51	259
53	259
54	259
55	259
57	259
58	259
59	259
60	259
62	259
63	259
64	259
65	259
66	259
67	259
68	259
70	259
71	259
72	259
73	259
74	259
75	259
76	259
77	259
78	259
79	259
80	259
81	259
83	259
84	259
85	259
86	259
87	259
90	259
91	259
92	259
93	259
94	259
95	259
97	259
98	259
101	259
102	259
103	259
104	259
105	259
106	259
107	259
108	259
109	259
110	259
112	259
113	259
114	259
115	259
116	259
117	259
118	259
119	259
120	259
1	260
5	260
8	260
9	260
18	260
19	260
20	260
24	260
26	260
30	260
31	260
32	260
33	260
34	260
35	260
36	260
37	260
38	260
39	260
40	260
42	260
43	260
44	260
45	260
47	260
48	260
50	260
51	260
53	260
54	260
55	260
57	260
58	260
59	260
60	260
62	260
63	260
64	260
65	260
66	260
67	260
68	260
70	260
71	260
72	260
73	260
74	260
75	260
76	260
77	260
78	260
79	260
80	260
81	260
83	260
84	260
85	260
86	260
87	260
90	260
91	260
92	260
93	260
94	260
95	260
97	260
98	260
99	260
101	260
102	260
103	260
104	260
105	260
106	260
107	260
108	260
109	260
110	260
112	260
113	260
114	260
115	260
116	260
117	260
118	260
119	260
120	260
1	261
5	261
8	261
9	261
13	261
18	261
19	261
20	261
24	261
26	261
30	261
31	261
32	261
33	261
34	261
35	261
36	261
37	261
38	261
39	261
40	261
41	261
42	261
43	261
44	261
45	261
47	261
48	261
50	261
53	261
54	261
55	261
57	261
58	261
59	261
60	261
62	261
63	261
64	261
65	261
66	261
67	261
68	261
70	261
71	261
72	261
73	261
74	261
75	261
76	261
77	261
78	261
79	261
80	261
81	261
83	261
84	261
85	261
86	261
87	261
90	261
91	261
92	261
93	261
94	261
95	261
97	261
98	261
99	261
101	261
102	261
103	261
104	261
105	261
106	261
107	261
108	261
109	261
110	261
112	261
113	261
114	261
115	261
116	261
117	261
118	261
119	261
120	261
1	262
8	262
9	262
13	262
18	262
19	262
24	262
26	262
30	262
31	262
32	262
33	262
34	262
35	262
36	262
37	262
38	262
39	262
40	262
41	262
42	262
43	262
44	262
45	262
47	262
48	262
50	262
53	262
54	262
55	262
57	262
58	262
59	262
60	262
62	262
63	262
64	262
65	262
66	262
67	262
68	262
70	262
71	262
72	262
73	262
74	262
75	262
76	262
77	262
78	262
79	262
80	262
81	262
83	262
84	262
85	262
86	262
87	262
90	262
91	262
92	262
93	262
94	262
95	262
96	262
97	262
98	262
99	262
101	262
102	262
103	262
104	262
105	262
106	262
107	262
108	262
109	262
110	262
112	262
113	262
114	262
115	262
116	262
117	262
118	262
119	262
120	262
1	263
8	263
9	263
13	263
18	263
26	263
30	263
31	263
32	263
33	263
34	263
35	263
36	263
37	263
38	263
39	263
40	263
41	263
42	263
43	263
44	263
45	263
47	263
48	263
50	263
53	263
54	263
55	263
57	263
58	263
59	263
60	263
62	263
63	263
64	263
65	263
66	263
67	263
68	263
70	263
71	263
72	263
73	263
74	263
75	263
76	263
77	263
78	263
79	263
80	263
81	263
83	263
84	263
85	263
86	263
87	263
88	263
90	263
91	263
92	263
93	263
94	263
95	263
96	263
97	263
98	263
99	263
101	263
102	263
103	263
104	263
105	263
106	263
107	263
108	263
109	263
110	263
112	263
113	263
114	263
115	263
116	263
117	263
118	263
119	263
120	263
1	264
8	264
9	264
13	264
15	264
18	264
26	264
30	264
31	264
32	264
33	264
34	264
35	264
36	264
37	264
38	264
39	264
40	264
41	264
42	264
43	264
44	264
45	264
47	264
48	264
53	264
54	264
55	264
57	264
58	264
59	264
60	264
62	264
63	264
64	264
65	264
66	264
67	264
68	264
70	264
71	264
72	264
73	264
74	264
75	264
76	264
77	264
78	264
79	264
80	264
81	264
83	264
84	264
85	264
86	264
87	264
88	264
89	264
90	264
91	264
92	264
93	264
94	264
95	264
96	264
97	264
98	264
99	264
101	264
102	264
103	264
104	264
105	264
106	264
107	264
108	264
109	264
110	264
111	264
112	264
113	264
114	264
115	264
116	264
117	264
118	264
119	264
120	264
8	265
9	265
13	265
15	265
18	265
26	265
30	265
31	265
32	265
33	265
34	265
35	265
36	265
37	265
38	265
39	265
40	265
41	265
42	265
43	265
44	265
45	265
47	265
48	265
51	265
53	265
54	265
55	265
57	265
58	265
59	265
60	265
62	265
63	265
64	265
65	265
66	265
67	265
68	265
70	265
71	265
72	265
73	265
74	265
75	265
76	265
77	265
78	265
79	265
80	265
81	265
82	265
83	265
84	265
85	265
86	265
87	265
88	265
89	265
90	265
91	265
92	265
93	265
94	265
95	265
96	265
97	265
98	265
99	265
101	265
102	265
103	265
104	265
105	265
106	265
107	265
108	265
109	265
110	265
111	265
112	265
113	265
114	265
115	265
116	265
117	265
118	265
119	265
120	265
8	266
13	266
15	266
18	266
26	266
30	266
31	266
32	266
33	266
34	266
35	266
36	266
37	266
38	266
39	266
40	266
41	266
42	266
43	266
44	266
45	266
47	266
48	266
50	266
51	266
53	266
54	266
55	266
57	266
58	266
59	266
60	266
61	266
62	266
63	266
64	266
65	266
66	266
67	266
68	266
70	266
71	266
72	266
73	266
74	266
75	266
76	266
77	266
78	266
79	266
80	266
81	266
82	266
83	266
84	266
85	266
86	266
87	266
88	266
89	266
90	266
91	266
92	266
93	266
94	266
95	266
96	266
97	266
98	266
99	266
101	266
102	266
103	266
104	266
105	266
106	266
107	266
108	266
109	266
110	266
111	266
112	266
113	266
114	266
115	266
116	266
117	266
118	266
119	266
120	266
8	267
15	267
18	267
26	267
30	267
31	267
32	267
33	267
34	267
35	267
36	267
37	267
38	267
39	267
40	267
41	267
42	267
43	267
44	267
45	267
47	267
48	267
49	267
50	267
51	267
53	267
54	267
55	267
57	267
58	267
59	267
60	267
61	267
62	267
63	267
64	267
65	267
66	267
67	267
68	267
69	267
70	267
71	267
72	267
73	267
74	267
75	267
76	267
77	267
78	267
79	267
80	267
81	267
82	267
83	267
84	267
85	267
86	267
87	267
88	267
89	267
90	267
91	267
92	267
93	267
94	267
95	267
96	267
97	267
98	267
99	267
101	267
102	267
103	267
104	267
105	267
106	267
107	267
108	267
109	267
110	267
111	267
112	267
113	267
114	267
115	267
116	267
117	267
118	267
119	267
120	267
8	268
18	268
26	268
31	268
32	268
33	268
34	268
35	268
36	268
37	268
38	268
39	268
40	268
41	268
42	268
43	268
44	268
45	268
47	268
48	268
49	268
50	268
51	268
52	268
53	268
54	268
55	268
57	268
58	268
59	268
60	268
61	268
62	268
63	268
64	268
65	268
66	268
67	268
68	268
69	268
70	268
71	268
72	268
73	268
74	268
75	268
76	268
77	268
78	268
79	268
80	268
81	268
82	268
83	268
84	268
85	268
86	268
87	268
88	268
89	268
90	268
91	268
92	268
93	268
94	268
95	268
96	268
97	268
98	268
99	268
101	268
102	268
103	268
104	268
105	268
106	268
107	268
108	268
109	268
110	268
111	268
112	268
113	268
114	268
115	268
116	268
117	268
118	268
119	268
120	268
8	269
31	269
32	269
33	269
34	269
35	269
36	269
37	269
38	269
39	269
40	269
41	269
42	269
43	269
44	269
45	269
47	269
48	269
49	269
50	269
51	269
52	269
53	269
54	269
55	269
57	269
58	269
59	269
60	269
61	269
62	269
63	269
64	269
65	269
66	269
67	269
68	269
69	269
70	269
71	269
72	269
73	269
74	269
75	269
76	269
77	269
78	269
79	269
80	269
81	269
82	269
83	269
84	269
85	269
86	269
87	269
88	269
89	269
90	269
91	269
92	269
93	269
94	269
95	269
96	269
97	269
98	269
99	269
100	269
101	269
102	269
103	269
104	269
105	269
106	269
107	269
108	269
109	269
110	269
111	269
112	269
113	269
114	269
115	269
116	269
117	269
118	269
119	269
120	269
31	270
32	270
33	270
34	270
35	270
36	270
37	270
38	270
39	270
40	270
41	270
42	270
43	270
44	270
45	270
46	270
47	270
48	270
49	270
50	270
51	270
52	270
53	270
54	270
55	270
56	270
57	270
58	270
59	270
60	270
61	270
62	270
63	270
64	270
65	270
66	270
67	270
68	270
69	270
70	270
71	270
72	270
73	270
74	270
75	270
76	270
77	270
78	270
79	270
80	270
81	270
82	270
83	270
84	270
85	270
86	270
87	270
88	270
89	270
90	270
91	270
92	270
93	270
94	270
95	270
96	270
97	270
98	270
99	270
100	270
101	270
102	270
103	270
104	270
105	270
106	270
107	270
108	270
109	270
110	270
111	270
112	270
113	270
114	270
115	270
116	270
117	270
118	270
119	270
120	270
