1	1
22	1
24	1
40	1
81	1
106	1
134	1
145	1
1	2
30	2
37	2
39	2
54	2
121	2
126	2
140	2
2	3
42	3
57	3
73	3
84	3
89	3
93	3
125	3
3	4
10	4
13	4
46	4
60	4
87	4
113	4
138	4
4	5
6	5
21	5
72	5
82	5
88	5
118	5
142	5
5	6
29	6
31	6
52	6
56	6
85	6
97	6
120	6
7	7
18	7
41	7
47	7
71	7
104	7
108	7
116	7
8	8
17	8
32	8
70	8
86	8
128	8
139	8
150	8
9	9
11	9
23	9
26	9
119	9
127	9
132	9
146	9
12	10
43	10
51	10
53	10
68	10
75	10
122	10
137	10
14	11
36	11
64	11
83	11
92	11
96	11
101	11
131	11
15	12
27	12
35	12
48	12
55	12
59	12
69	12
79	12
16	13
25	13
67	13
76	13
95	13
136	13
141	13
147	13
19	14
34	14
44	14
49	14
62	14
80	14
90	14
123	14
20	15
38	15
65	15
91	15
105	15
129	15
144	15
148	15
28	16
33	16
50	16
66	16
102	16
109	16
112	16
117	16
45	17
74	17
77	17
94	17
100	17
115	17
124	17
133	17
58	18
63	18
98	18
103	18
107	18
110	18
130	18
149	18
61	19
78	19
99	19
111	19
114	19
122	19
135	19
143	19
1	20
31	20
53	20
80	20
83	20
94	20
132	20
142	20
2	21
29	21
35	21
46	21
66	21
71	21
127	21
139	21
3	22
18	22
28	22
62	22
65	22
68	22
92	22
136	22
4	23
20	23
42	23
48	23
51	23
70	23
96	23
109	23
5	24
9	24
15	24
43	24
82	24
113	24
123	24
143	24
6	25
38	25
40	25
76	25
79	25
87	25
93	25
102	25
7	26
12	26
45	26
60	26
64	26
121	26
134	26
149	26
8	27
26	27
57	27
105	27
108	27
112	27
115	27
120	27
10	28
36	28
56	28
78	28
84	28
110	28
117	28
137	28
11	29
32	29
41	29
90	29
98	29
125	29
131	29
140	29
13	30
16	30
34	30
75	30
81	30
85	30
111	30
148	30
14	31
22	31
107	31
17	32
23	32
27	32
19	33
37	33
95	33
21	34
119	34
130	34
24	35
50	35
114	35
25	36
97	36
106	36
30	37
86	37
133	37
33	38
77	38
138	38
39	39
52	39
55	39
44	40
61	40
89	40
47	41
135	41
141	41
49	42
58	42
99	42
54	43
100	43
104	43
59	44
124	44
126	44
63	45
67	45
88	45
69	46
74	46
150	46
72	47
91	47
103	47
73	48
118	48
129	48
101	49
116	49
147	49
128	50
144	50
146	50
64	51
141	51
145	51
1	52
63	52
148	52
2	53
100	53
105	53
3	54
82	54
106	54
4	55
29	55
99	55
5	56
23	56
150	56
6	57
11	57
31	57
7	58
87	58
132	58
8	59
36	59
103	59
9	60
60	60
74	60
10	61
33	61
146	61
12	62
98	62
129	62
13	63
40	63
62	63
14	64
72	64
80	64
15	65
32	65
95	65
16	66
47	66
69	66
17	67
55	67
96	67
18	68
52	68
107	68
19	69
128	69
147	69
20	70
94	70
117	70
21	71
37	71
137	71
22	72
56	72
126	72
24	73
26	73
101	73
25	74
46	74
79	74
27	75
50	75
83	75
28	76
43	76
110	76
30	77
89	77
119	77
34	78
113	78
120	78
35	79
41	79
45	79
38	80
85	80
116	80
39	81
123	81
134	81
42	82
97	82
145	82
44	83
57	83
76	83
48	84
114	84
130	84
49	85
59	85
75	85
51	86
67	86
81	86
53	87
102	87
111	87
54	88
112	88
143	88
58	89
122	89
144	89
61	90
86	90
125	90
65	91
127	91
131	91
66	92
70	92
88	92
68	93
90	93
133	93
71	94
124	94
138	94
73	95
77	95
121	95
78	96
108	96
142	96
84	97
91	97
118	97
92	98
115	98
135	98
93	99
109	99
140	99
104	100
136	100
149	100
6	101
28	101
139	101
1	102
73	102
110	102
2	103
25	103
54	103
3	104
33	104
94	104
4	105
114	105
139	105
5	106
46	106
118	106
7	107
35	107
50	107
8	108
20	108
106	108
9	109
71	109
87	109
10	110
102	110
107	110
11	111
100	111
144	111
12	112
42	112
113	112
13	113
30	113
47	113
14	114
77	114
97	114
15	115
108	115
124	115
16	116
64	116
105	116
17	117
74	117
132	117
18	118
55	118
99	118
19	119
93	119
136	119
21	120
57	120
63	120
1	121
2	121
2	122
3	122
3	123
4	123
4	124
5	124
5	125
6	125
6	126
7	126
7	127
8	127
8	128
9	128
9	129
10	129
10	130
11	130
11	131
12	131
12	132
13	132
13	133
14	133
14	134
15	134
15	135
16	135
16	136
17	136
17	137
18	137
18	138
19	138
19	139
20	139
20	140
21	140
21	141
22	141
22	142
23	142
23	143
24	143
24	144
25	144
25	145
26	145
26	146
27	146
27	147
28	147
28	148
29	148
29	149
30	149
30	150
31	150
31	151
32	151
32	152
33	152
33	153
34	153
34	154
35	154
35	155
36	155
36	156
37	156
37	157
38	157
38	158
39	158
39	159
40	159
40	160
41	160
41	161
42	161
42	162
43	162
43	163
44	163
44	164
45	164
45	165
46	165
46	166
47	166
47	167
48	167
48	168
49	168
49	169
50	169
50	170
51	170
51	171
52	171
52	172
53	172
53	173
54	173
54	174
55	174
55	175
56	175
56	176
57	176
57	177
58	177
58	178
59	178
59	179
60	179
60	180
61	180
61	181
62	181
62	182
63	182
63	183
64	183
64	184
65	184
65	185
66	185
66	186
67	186
67	187
68	187
68	188
69	188
69	189
70	189
70	190
71	190
71	191
72	191
72	192
73	192
73	193
74	193
74	194
75	194
75	195
76	195
76	196
77	196
77	197
78	197
78	198
79	198
79	199
80	199
80	200
81	200
81	201
82	201
82	202
83	202
83	203
84	203
84	204
85	204
85	205
86	205
86	206
87	206
87	207
88	207
88	208
89	208
89	209
90	209
90	210
91	210
91	211
92	211
92	212
93	212
93	213
94	213
94	214
95	214
95	215
96	215
96	216
97	216
97	217
98	217
98	218
99	218
99	219
100	219
100	220
101	220
101	221
102	221
102	222
103	222
103	223
104	223
104	224
105	224
105	225
106	225
106	226
107	226
107	227
108	227
108	228
109	228
109	229
110	229
110	230
111	230
111	231
112	231
112	232
113	232
113	233
114	233
114	234
115	234
115	235
116	235
116	236
117	236
117	237
118	237
118	238
119	238
119	239
120	239
120	240
121	240
121	241
122	241
122	242
123	242
123	243
124	243
124	244
125	244
125	245
126	245
126	246
127	246
127	247
128	247
128	248
129	248
129	249
130	249
130	250
131	250
131	251
132	251
132	252
133	252
133	253
134	253
134	254
135	254
135	255
136	255
136	256
137	256
137	257
138	257
138	258
139	258
139	259
140	259
140	260
141	260
141	261
142	261
142	262
143	262
143	263
144	263
144	264
145	264
145	265
146	265
146	266
147	266
147	267
148	267
148	268
149	268
149	269
150	269
150	270
